20
3E
26
34
3C
38
3A
3F
3E
24
28
3D
30
38
3F
34
30
28
38
3F
38
20
3F
34
20
20
20
33
38
28
38
30
30
20
30
30
3A
3D
3F
30
20
3F
3F
20
30
3E
38
35
38
32
3E
3F
3E
3E
3E
3E
32
20
3F
3F
3F
3E
34
38
3C
3D
28
34
38
26
38
20
20
3C
38
30
20
30
2E
30
36
20
20
31
22
30
3C
38
20
3E
3F
3F
30
20
20
20
3E
30
20
20
30
20
38
20
20
3E
3E
38
34
20
30
3D
34
20
3D
39
28
20
39
30
20
30
30
3B
30
20
36
30
20
38
3F
38
30
3E
37
30
20
20
38
37
21
30
2C
3E
3F
33
30
20
30
20
20
3E
20
3A
30
38
20
22
30
30
3E
38
24
20
30
30
20
38
30
20
3F
3F
34
3F
30
20
30
30
28
20
38
34
2D
20
20
3E
3E
3C
20
34
30
30
3E
38
3A
3C
30
3F
2C
3B
30
20
30
3F
3F
3A
38
38
20
3F
39
30
20
20
20
27
3F
38
20
20
30
3D
20
20
30
38
30
3E
3F
3E
30
2E
30
30
20
20
20
38
30
20
20
20
31
36
20
38
38
20
2A
20
20
30
30
38
20
20
30
30
20
30
38
38
20
20
20
3F
3C
20
30
20
3F
38
30
3F
36
30
20
20
30
20
20
2C
30
20
3C
3C
3C
22
38
3E
3C
3C
3F
2F
28
36
30
3B
30
20
20
20
2F
3E
3E
30
30
20
20
3D
30
20
20
20
30
30
3B
3E
37
30
20
30
3A
38
2A
38
20
20
30
2C
30
20
20
34
20
30
30
20
3F
3C
38
38
2C
38
20
30
20
3C
20
20
38
30
38
30
3F
34
29
28
20
3C
3F
3E
2F
39
30
39
30
20
3F
3E
37
34
20
30
3F
38
28
38
30
20
20
30
30
30
30
20
20
30
30
20
30
20
20
30
20
20
20
20
38
30
28
30
38
20
30
39
30
20
38
3E
3B
20
32
3C
30
30
20
20
20
28
38
20
22
30
20
3A
3A
20
30
30
30
20
20
20
20
30
20
20
20
30
20
20
30
20
20
20
30
20
20
20
38
30
20
20
28
30
20
20
20
20
30
20
20
20
20
20
20
20
20
3F
3F
30
20
28
28
20
20
34
38
20
20
20
30
20
28
24
30
20
30
20
3A
30
20
30
20
30
20
38
20
20
38
36
20
20
3F
3E
3E
3F
3E
3F
30
20
20
30
30
20
20
20
20
