20
20
30
20
20
30
30
20
20
30
20
20
20
20
30
20
20
30
30
20
20
20
20
20
30
30
30
20
24
30
30
20
20
30
30
30
20
20
20
30
38
30
24
20
20
20
20
20
20
32
20
30
30
20
20
20
20
20
30
20
30
20
20
30
20
30
38
38
38
38
20
3C
3C
20
20
20
20
30
20
20
20
20
20
24
20
30
20
20
20
20
30
20
30
30
30
24
20
28
20
30
30
28
34
20
32
30
20
30
34
38
30
20
30
20
30
38
30
30
20
30
30
30
30
30
30
20
20
30
20
20
30
20
20
20
28
20
20
30
30
38
30
20
38
30
20
30
20
20
30
30
30
30
20
38
20
20
20
20
20
30
30
20
20
20
30
20
30
20
30
30
20
30
20
20
34
20
30
20
20
30
20
30
28
30
20
20
20
30
20
30
