20
20
20
20
30
20
30
20
20
30
20
20
20
20
20
20
30
30
30
30
30
20
30
30
20
30
20
30
30
20
30
30
30
30
20
20
20
20
30
30
30
20
20
20
20
20
28
20
30
30
20
20
20
20
20
20
20
20
30
20
30
20
30
20
30
20
20
20
20
20
20
20
20
20
20
20
20
20
20
20
20
20
20
30
30
20
20
20
20
38
20
30
38
28
30
20
20
30
30
30
30
20
30
20
20
30
20
30
38
30
20
30
30
30
30
20
20
20
30
30
30
30
20
38
20
20
20
20
24
24
38
30
30
20
20
20
20
20
20
20
20
30
20
20
20
30
20
20
20
20
20
20
30
20
3C
20
20
20
20
20
20
20
30
20
20
20
20
20
30
20
20
20
30
30
30
20
38
30
30
20
20
20
30
20
20
20
28
30
20
38
20
30
20
30
20
30
20
30
20
30
28
30
30
30
20
34
20
30
20
30
30
30
30
30
30
20
20
30
38
20
38
30
20
30
20
30
30
20
20
30
30
20
30
20
30
30
20
38
20
30
20
30
20
20
30
30
30
20
20
20
30
30
20
30
30
30
30
20
34
30
38
30
30
20
20
38
20
30
30
20
30
20
30
30
20
30
20
20
30
38
20
30
20
20
30
30
30
