20
30
34
20
30
20
20
30
3A
30
22
20
38
38
3E
30
30
20
20
30
32
20
24
30
22
3E
20
38
3C
20
20
38
30
30
30
38
3E
3E
3E
38
3C
3C
24
20
30
38
38
3F
24
30
3C
33
20
22
30
38
32
3C
30
32
28
20
36
20
24
39
20
20
38
3C
3F
34
3E
30
3F
3E
30
30
3C
3E
38
30
34
34
30
33
30
3C
20
20
20
34
20
32
20
20
30
20
34
20
30
38
30
20
30
38
30
3F
20
30
20
38
30
33
30
32
3D
3C
24
38
30
3E
22
20
3F
3A
38
30
30
3B
30
3D
38
3B
3F
20
20
3B
3A
3C
3E
3F
20
3D
3B
30
30
32
37
30
30
30
21
20
38
30
38
3B
35
3F
3C
3B
3B
21
20
3B
39
34
2F
3D
30
31
26
30
39
20
3D
3F
3E
28
3C
30
3B
20
20
30
32
30
38
3F
3F
21
35
38
3A
39
3E
30
36
32
38
20
30
30
37
34
3E
20
34
22
30
38
3A
38
3F
3A
37
3E
3F
20
3E
30
30
3D
20
3F
31
20
39
30
30
20
30
30
33
3F
34
30
