30
38
30
20
20
30
20
38
30
3C
38
3C
26
30
20
20
30
3E
3F
37
38
20
30
3C
3E
2E
30
30
20
20
30
3C
28
30
38
38
30
38
30
30
3C
3E
2F
20
32
20
20
30
38
30
3E
3C
3C
30
38
28
28
20
20
2C
20
20
20
20
20
30
20
20
20
38
20
3F
20
38
30
20
20
30
28
30
3C
24
33
20
30
38
20
20
3C
34
38
30
30
38
3E
3E
38
20
30
30
3F
30
30
30
3E
3E
2E
20
3C
30
3F
3E
3E
3F
3F
3E
3F
20
30
3C
3F
3E
3E
28
30
20
20
38
28
30
38
3E
3E
3E
3E
3F
20
20
38
3E
2C
30
30
38
30
20
3E
3E
2F
3D
3E
3F
3F
3E
3F
3E
3E
20
30
20
20
38
20
20
30
3C
3F
3E
36
30
28
34
30
20
30
20
20
30
20
30
20
3E
30
30
30
34
20
30
30
20
34
34
30
20
30
34
34
20
30
2F
30
20
20
38
38
30
38
3C
3C
28
30
20
20
20
20
20
30
30
20
30
38
30
30
20
38
20
20
3E
3C
3C
3F
20
20
20
38
3E
30
30
38
3C
3E
3E
2C
30
30
30
38
30
20
3E
3F
38
20
30
20
20
32
30
20
3C
2C
34
20
30
30
3C
3C
24
30
30
30
3C
28
30
34
20
3D
30
38
24
38
30
3E
3E
20
20
20
30
30
20
38
3F
30
3E
30
32
30
30
3E
3C
3C
26
20
30
20
30
30
30
30
30
38
38
30
30
38
30
30
20
30
28
38
30
30
32
3C
28
30
2F
3F
34
30
30
30
38
30
30
20
20
20
30
38
30
30
20
20
20
20
20
20
20
20
30
3E
3A
30
20
20
20
20
3E
3E
38
38
20
30
20
20
20
20
20
20
30
20
38
20
30
26
3C
3C
38
3C
2C
38
20
20
30
2C
2E
31
30
20
30
30
20
20
2C
24
30
20
20
30
20
30
38
3C
30
30
20
3E
3F
3E
3C
28
30
20
28
3C
20
30
20
30
20
20
20
3F
3F
3E
3E
37
3F
2C
3A
20
30
20
24
30
30
20
30
32
20
30
3C
30
20
30
20
30
30
38
20
3F
3E
2E
20
20
20
20
20
30
30
20
30
20
20
30
30
3F
34
20
30
20
3C
38
28
3F
3E
38
38
20
20
20
2C
30
39
3E
20
30
20
38
28
30
30
31
20
20
30
38
32
20
20
27
38
20
34
20
30
31
31
20
3E
3E
3E
3F
20
30
20
3E
3E
3C
3E
20
30
20
3F
3F
3F
3F
3F
30
30
24
29
3C
3C
20
20
3C
3C
3C
30
20
20
30
29
20
30
20
30
3C
3E
3E
20
38
20
20
20
20
30
2E
3E
3C
3F
22
20
30
30
38
38
20
3C
24
30
20
30
32
34
20
38
20
3C
38
36
30
30
20
2E
3E
3F
20
20
3C
38
3C
3C
3E
3E
3C
3C
3C
3C
30
20
20
31
30
20
20
30
20
30
20
20
30
3C
30
3F
30
30
30
30
30
30
30
30
20
30
30
38
30
20
20
20
30
20
3C
3C
3E
32
20
3F
3F
3E
3F
24
30
30
20
30
30
20
2C
20
20
32
30
20
30
3C
24
20
30
20
28
30
38
32
20
30
38
38
30
20
20
38
20
30
30
20
20
20
20
28
30
38
30
3E
3E
38
34
3A
38
3F
3E
20
30
30
36
20
30
3C
20
20
20
28
30
30
3C
34
28
20
30
20
20
20
30
30
20
30
3F
30
30
30
20
30
2A
39
30
20
20
20
3C
22
30
30
20
38
20
30
20
20
20
38
22
20
28
20
30
30
38
20
3E
2E
21
30
2C
32
20
38
30
38
20
34
20
30
30
20
3E
3E
3C
34
3E
3E
30
38
30
38
30
3C
3C
3E
24
30
20
20
30
38
34
20
30
20
30
20
20
20
20
20
30
3C
30
30
20
3E
22
20
30
30
20
20
30
30
38
3C
30
34
38
32
20
30
20
20
20
30
20
20
20
20
30
30
20
20
34
3C
38
38
36
20
30
20
2F
32
20
30
20
30
3E
30
38
32
20
32
38
20
20
20
38
20
20
20
30
30
20
20
30
20
20
20
20
20
20
20
20
20
20
20
30
20
3C
20
20
20
20
20
30
30
20
20
20
20
20
20
20
20
3C
3C
24
20
20
30
2E
20
20
20
20
38
22
21
20
20
20
30
20
3E
30
32
30
20
20
20
20
20
34
30
30
30
3C
3E
3A
20
3C
3E
3C
2E
20
28
30
3C
3E
3F
2C
20
20
2C
30
20
20
30
20
20
20
20
30
38
34
30
30
30
30
2C
30
20
20
20
30
20
30
22
30
20
20
20
20
20
30
30
38
30
30
20
38
30
2E
30
30
30
30
20
20
30
20
20
30
22
20
20
20
20
30
2C
20
30
20
20
20
30
20
30
20
28
3C
30
20
20
30
20
38
26
20
30
20
20
20
20
20
38
24
20
30
20
31
20
20
20
28
30
20
20
20
20
20
20
30
20
20
20
30
38
30
20
20
20
37
30
20
20
20
20
20
24
30
20
20
3C
3E
3C
30
20
20
20
20
2F
20
20
20
20
3E
32
20
3E
3C
3C
20
20
20
20
30
20
30
20
20
30
20
20
20
20
20
20
30
20
20
30
20
20
20
31
30
30
20
20
20
20
20
28
30
30
20
20
30
30
20
30
20
20
38
20
20
20
30
30
20
20
20
30
30
20
20
38
30
30
20
20
20
20
30
20
20
20
30
30
30
38
3C
30
20
20
30
20
20
30
20
20
20
30
30
30
20
20
20
3C
3C
30
30
20
20
28
30
30
30
20
