34
20
20
30
3E
30
3E
38
20
38
20
20
30
20
3C
30
28
3C
20
30
20
38
3C
20
38
20
20
3C
30
30
20
3C
38
30
3E
3C
20
3C
3E
20
30
38
3E
3E
30
3C
38
3C
30
30
20
20
38
31
30
20
3C
30
38
20
30
30
30
30
3F
30
20
3E
3E
38
3E
3C
38
3F
3C
30
24
30
20
30
20
3A
30
30
38
3C
38
28
20
30
34
3B
3C
38
28
30
30
24
20
30
20
20
30
20
20
30
20
38
3F
3C
30
33
30
30
30
38
38
3E
3C
30
30
20
34
38
20
3C
20
20
3E
20
3E
20
28
20
20
30
20
20
20
38
3C
22
30
20
20
20
20
30
3C
3C
3E
3E
38
20
3C
20
30
30
3E
3C
20
30
30
3C
30
20
38
20
28
34
24
28
20
20
20
20
37
3F
34
20
30
20
30
20
20
38
30
20
20
28
20
20
30
20
2E
20
20
20
20
20
30
20
30
3E
38
38
30
20
30
20
24
20
20
26
3C
20
20
20
20
20
20
20
20
20
3E
3E
20
3A
20
3C
3C
30
3E
20
28
38
2C
28
38
20
20
38
20
38
24
20
38
30
28
34
20
20
20
20
3C
3C
20
20
30
30
30
20
30
20
20
20
38
30
20
30
