38
20
28
38
30
38
2A
30
30
3E
38
38
3E
3D
30
30
3C
20
30
30
28
3F
38
28
3E
20
20
3E
3C
3C
3C
28
3C
30
22
3C
20
38
30
3C
38
34
30
38
3C
3E
20
38
20
30
28
38
30
3C
3C
36
3A
3E
21
3E
3E
3C
3C
38
38
34
38
3C
30
3F
38
30
38
38
30
30
30
30
38
3F
3F
31
30
38
30
3F
34
3E
3E
2E
38
3E
30
3F
30
3C
20
30
30
20
36
30
30
36
30
3F
20
38
30
3C
20
20
36
3A
2C
24
30
20
3F
30
3C
3E
30
20
38
3F
3F
3F
3F
3F
3F
3F
3F
3F
3F
3F
3F
3F
3F
3F
3F
3F
3F
20
30
20
20
30
38
30
28
34
38
38
3C
3C
22
20
30
20
30
20
32
20
20
20
30
20
30
30
36
20
30
20
3E
3E
3E
30
30
28
28
20
34
30
20
30
30
30
30
30
3A
20
34
30
38
3C
34
20
30
30
30
30
30
30
32
20
20
20
3C
38
38
20
34
30
20
38
34
38
30
30
20
20
30
28
33
3C
20
30
28
38
30
30
30
3E
3F
3F
3F
3F
3F
34
20
30
30
30
2A
22
2E
30
20
30
30
20
20
20
30
30
2E
3E
3E
20
20
30
20
3C
20
38
30
30
20
30
30
20
20
30
30
20
30
20
38
20
38
3C
3C
20
30
38
3C
30
3E
38
20
20
30
38
3F
21
30
20
20
34
30
20
30
30
30
20
22
24
30
30
20
30
38
28
3A
38
30
30
2A
30
30
20
20
28
38
20
32
20
30
20
30
