30
20
20
30
38
28
20
20
20
20
30
20
30
20
20
20
20
20
30
30
38
20
20
20
20
20
20
20
20
20
30
20
20
20
20
30
20
20
20
30
20
30
20
30
30
30
20
30
20
30
30
30
20
30
20
20
20
20
20
20
30
20
20
20
30
38
20
30
20
20
20
20
20
20
20
20
20
20
30
38
38
30
20
20
20
20
30
30
30
20
20
20
30
30
38
38
38
28
20
20
20
20
20
20
20
20
20
30
20
30
20
30
20
30
30
30
30
20
20
30
30
20
30
20
20
20
20
20
20
20
20
20
20
20
20
20
20
30
20
20
20
20
20
30
30
20
20
30
20
20
20
30
30
30
38
20
20
20
20
20
20
20
20
30
20
20
30
20
30
30
30
20
30
30
20
30
30
30
20
38
20
20
30
20
20
20
30
30
30
30
30
30
20
20
20
20
20
20
20
20
20
20
20
20
20
30
20
20
20
20
20
20
20
20
30
30
20
30
30
30
20
20
30
20
30
30
20
20
30
20
20
28
20
20
20
20
20
20
30
20
20
20
20
20
20
20
20
20
20
30
20
20
30
30
30
38
20
30
20
20
30
20
20
20
20
30
20
3C
30
28
20
20
20
30
20
20
30
20
30
20
38
30
