30
24
20
38
38
20
30
24
30
3C
20
32
38
20
38
3C
3C
30
38
30
30
30
30
38
30
20
3A
38
30
20
30
34
30
33
20
3C
20
38
30
30
38
20
3C
20
3F
20
3B
30
2F
20
38
31
20
3F
20
38
3D
30
30
3A
30
34
30
20
3E
38
31
20
30
2A
32
20
30
30
20
38
30
20
3D
20
20
20
3E
30
30
20
20
24
20
3C
30
30
20
30
34
30
30
30
20
30
20
30
30
20
20
32
3C
30
30
30
3C
30
38
34
30
30
30
20
20
3C
30
20
20
20
38
20
38
20
31
20
38
30
30
3E
38
30
3E
30
38
20
3E
28
30
30
30
39
22
30
31
30
38
20
36
24
30
30
20
36
30
30
30
36
30
3C
20
30
30
30
20
38
30
20
30
28
30
38
20
30
37
20
30
30
30
20
20
20
30
30
30
30
30
30
30
20
23
20
20
20
38
3C
38
33
30
3F
20
3E
38
30
38
30
38
30
3F
30
30
34
2C
30
38
28
30
20
20
36
20
20
38
30
38
20
30
20
30
30
30
30
30
20
20
30
30
38
30
20
20
38
20
30
39
34
30
20
20
30
30
20
20
34
30
20
30
30
30
38
20
20
30
20
20
30
30
38
30
20
20
20
20
34
20
3C
38
20
34
30
34
28
20
30
20
20
30
30
20
28
22
20
30
20
20
28
20
20
20
27
30
3C
20
20
3C
30
20
20
20
20
30
28
30
30
20
30
30
30
20
30
30
20
20
20
2A
20
20
20
28
30
30
20
20
20
20
30
20
30
20
20
30
20
20
20
20
20
20
20
30
20
30
20
30
20
20
30
30
20
20
20
34
20
20
20
20
30
20
30
30
30
20
20
30
30
30
20
20
20
20
20
20
20
20
30
20
30
20
20
20
30
30
20
30
30
20
20
30
30
20
20
30
20
30
30
20
20
20
30
20
38
20
20
20
20
20
20
20
30
20
30
30
20
30
20
20
20
20
20
30
30
30
30
20
30
20
20
30
30
36
39
36
20
30
30
20
20
20
30
20
20
24
34
20
20
30
30
20
20
30
30
20
20
30
20
20
20
20
