30
20
20
20
30
30
20
20
20
20
30
20
20
20
20
20
20
20
20
20
20
20
20
20
20
30
20
30
30
20
20
30
20
20
20
20
20
20
20
20
20
20
20
20
20
20
20
20
20
20
20
20
20
20
20
20
20
20
20
20
20
20
20
20
20
20
20
20
30
20
30
30
20
20
20
20
20
30
20
20
20
20
20
20
20
30
20
30
30
20
20
30
30
30
20
20
20
20
20
30
20
20
20
20
20
20
20
20
30
20
20
20
20
30
20
20
20
20
20
30
20
20
20
20
20
20
20
20
20
20
20
20
20
30
20
30
20
20
20
20
20
30
28
20
30
20
30
20
30
20
20
30
30
20
30
20
20
20
20
20
30
20
30
34
28
20
30
20
20
20
20
20
20
20
20
20
30
30
20
20
20
20
20
30
20
38
38
30
20
30
20
20
20
20
20
20
20
20
30
20
20
20
20
20
30
20
30
20
