20
30
20
20
3C
38
20
38
20
30
30
3A
3F
30
30
30
2C
38
30
30
3F
33
3F
34
34
28
20
30
30
20
20
30
30
32
28
30
38
28
34
24
38
36
20
32
20
20
30
38
20
38
30
20
30
20
31
20
34
22
3C
3B
30
27
28
34
20
38
3F
3A
30
30
30
20
20
30
20
23
3F
37
38
20
38
30
30
34
38
36
30
20
21
38
30
30
20
38
30
30
28
30
30
28
3C
20
38
38
20
20
35
30
3E
20
34
30
30
38
32
3C
3C
3C
36
22
20
2E
30
3D
30
20
39
35
30
20
30
3D
20
30
30
20
36
28
36
30
3D
30
38
22
28
20
3C
20
20
30
20
38
30
20
30
38
20
26
30
21
30
30
30
30
30
30
20
30
20
38
21
30
20
30
30
3C
30
3F
30
30
38
3B
30
31
20
26
3C
20
25
30
30
20
30
30
25
30
30
30
20
36
30
30
20
38
20
20
20
20
22
30
20
20
30
30
36
20
20
20
20
20
20
20
20
20
20
20
30
20
30
30
20
20
20
20
28
20
30
20
20
20
32
21
20
20
30
