30
38
30
30
20
30
3B
30
38
30
30
30
38
30
34
38
32
35
20
38
28
30
23
30
24
34
24
38
3E
38
22
24
30
20
3C
20
30
30
20
30
31
20
29
20
38
3C
38
38
20
20
34
30
20
33
3C
20
3C
30
38
3B
20
3B
20
30
32
36
3C
30
31
39
29
34
30
3E
38
21
25
3D
20
3E
3B
30
20
3C
28
21
2A
30
3E
28
30
30
20
20
30
20
3E
20
30
38
23
30
3C
31
3C
30
29
30
32
2E
2C
30
22
3C
30
30
30
20
34
3A
20
20
30
35
30
20
20
30
24
21
33
20
22
30
38
30
2E
20
32
3B
20
26
30
30
30
20
20
30
20
38
33
30
32
30
20
20
21
3E
3E
20
20
27
30
34
30
26
3C
21
20
35
38
20
22
20
30
29
20
20
21
20
20
20
20
3A
30
30
20
20
20
20
20
30
20
3C
38
20
20
24
20
36
30
3A
3C
20
36
20
20
30
30
28
28
20
30
20
3F
3F
3F
3F
30
3D
20
20
20
20
