30
30
20
30
20
20
20
30
20
30
20
20
20
20
20
20
30
20
30
30
20
30
20
20
20
30
30
30
28
30
30
30
38
30
30
20
30
20
20
20
20
30
20
20
38
20
20
20
20
20
30
20
2C
26
30
30
20
20
20
30
20
20
20
20
20
20
20
30
20
30
20
20
20
30
20
28
20
30
20
20
20
38
3C
3E
3C
28
38
38
38
20
20
30
30
20
20
30
20
20
20
20
20
20
20
38
20
20
20
30
20
20
20
30
20
20
20
30
38
28
38
20
20
20
20
20
20
20
30
20
20
30
20
20
20
20
20
20
20
38
30
20
20
20
20
30
20
20
20
30
30
20
20
20
20
20
20
20
20
20
30
20
20
20
38
30
20
20
20
20
20
20
20
30
3C
3E
30
20
30
20
20
20
30
20
20
20
38
38
30
20
20
20
30
20
20
30
20
20
30
20
