20
30
20
20
20
20
30
20
38
20
30
20
30
30
2C
22
30
38
20
20
26
30
20
20
20
30
38
30
20
20
20
20
30
20
30
20
20
30
30
38
20
20
20
20
30
20
20
38
38
20
20
30
20
20
30
20
20
20
30
38
30
30
20
20
35
20
20
30
28
30
30
30
20
20
20
20
30
30
20
20
20
20
20
30
20
3A
30
20
38
38
20
20
20
20
20
30
20
28
30
30
20
20
30
30
20
20
24
30
26
3E
30
30
30
38
20
20
20
20
30
20
30
20
30
20
20
3E
3B
30
30
30
20
30
20
20
30
20
30
20
20
20
20
30
30
3B
20
30
20
20
30
20
30
30
20
20
30
20
20
30
20
20
20
38
3E
20
20
20
30
38
28
20
20
30
30
32
20
20
30
30
20
30
20
30
30
38
