30
20
38
20
20
30
20
20
30
20
20
20
20
20
20
20
30
30
3E
20
38
30
38
30
20
20
24
20
20
30
30
32
30
30
30
30
38
30
20
28
20
30
20
30
30
30
38
30
20
24
20
20
30
24
20
30
38
20
20
20
20
2C
20
20
20
20
20
20
34
20
30
24
30
20
20
20
20
30
30
20
30
30
20
20
30
20
20
3C
20
30
38
20
20
30
20
30
24
24
20
20
20
2C
20
34
20
30
30
20
30
20
20
38
20
20
30
30
30
20
30
24
30
20
20
20
28
38
38
30
20
30
3C
30
30
30
30
20
20
20
20
30
20
20
30
30
21
38
30
20
30
20
20
30
30
20
30
30
30
20
24
20
20
30
20
30
28
30
20
20
28
20
20
20
20
20
20
20
30
30
20
20
30
30
20
24
20
30
30
20
22
30
20
30
20
30
20
20
30
30
20
20
30
20
20
20
28
20
20
30
20
20
20
20
20
38
20
20
38
30
34
20
30
20
30
20
38
30
30
30
30
20
30
20
30
30
20
20
30
22
30
20
30
30
38
30
20
20
20
20
20
20
20
20
