20
38
20
3C
20
3C
38
30
20
20
30
2C
3C
20
30
20
20
30
20
20
20
20
38
20
20
30
32
20
30
20
20
20
20
38
20
20
20
20
38
20
30
3C
2C
38
3C
3C
3C
28
30
20
20
20
2C
30
30
30
30
38
3E
20
38
38
38
30
20
20
20
38
3C
38
38
3C
30
20
38
28
20
20
20
30
38
20
3C
30
30
3E
34
20
20
20
20
3C
30
34
38
30
20
20
30
20
30
20
20
20
20
20
20
30
28
20
20
38
30
20
38
20
20
38
20
38
20
2C
30
3C
30
20
3C
38
2E
38
20
30
38
20
20
30
20
20
30
20
20
20
30
20
2C
28
20
38
38
38
38
38
38
30
30
38
34
38
30
20
30
30
28
20
30
3C
38
30
38
30
30
3C
30
30
20
20
20
20
20
30
20
30
20
30
20
3C
28
20
20
20
20
30
20
20
20
30
28
30
20
28
30
20
30
30
20
30
20
20
30
20
20
20
20
30
20
20
30
20
20
