38
30
38
30
38
30
3C
34
38
38
30
28
20
20
28
20
30
30
20
20
30
20
20
20
20
30
30
38
30
30
30
20
3C
38
20
20
20
20
3E
3F
20
20
3C
20
20
20
30
20
38
38
3C
3B
20
20
30
3C
38
20
20
20
20
20
38
3C
20
20
20
30
2A
2C
20
30
30
30
20
20
30
30
30
20
30
3C
20
30
38
38
20
20
30
38
38
38
38
38
38
20
20
30
38
30
3C
3C
38
3C
3E
28
20
3C
38
20
20
20
30
20
20
20
20
3C
20
20
3A
20
28
30
30
20
3C
20
30
20
30
20
20
20
20
30
20
20
20
30
30
30
20
20
20
30
20
30
20
24
20
20
20
30
38
38
20
30
38
20
20
20
30
30
20
3C
30
20
20
20
3C
3C
20
34
20
34
30
20
3C
20
20
3C
2C
20
30
20
20
20
30
20
20
30
30
20
20
20
30
30
20
30
38
20
30
20
20
30
20
30
20
34
3C
3C
20
30
20
34
28
20
20
20
20
20
20
3C
30
20
20
30
38
30
